0 0.105469 0.373611 0.035937 0.147222
0 0.138281 0.359722 0.039063 0.186111
0 0.150000 0.258333 0.037500 0.244444
0 0.187500 0.252778 0.046875 0.238889
0 0.242969 0.288889 0.054688 0.322222
0 0.309375 0.294444 0.084375 0.350000
0 0.372656 0.397222 0.039063 0.222222
0 0.457813 0.356944 0.056250 0.319444
0 0.417969 0.383333 0.042188 0.244444
0 0.539063 0.245833 0.075000 0.325000
0 0.653906 0.234722 0.101563 0.341667
0 0.802344 0.295833 0.129688 0.502778
0 0.731250 0.797222 0.109375 0.400000
0 0.574219 0.790278 0.079687 0.419444
0 0.433594 0.786111 0.092188 0.427778
0 0.342188 0.777778 0.087500 0.444444
0 0.262500 0.766667 0.090625 0.450000
0 0.200000 0.773611 0.071875 0.330556
0 0.147656 0.775000 0.060937 0.244444
0 0.094531 0.702778 0.076563 0.333333
0 0.046875 0.684722 0.068750 0.313889