0 0.031967 0.810905 0.034426 0.155452
0 0.087705 0.806265 0.037705 0.169374
0 0.159836 0.780742 0.063934 0.229698
0 0.246721 0.776102 0.070492 0.229698
0 0.333607 0.769142 0.070492 0.243619
0 0.411475 0.758701 0.055738 0.278422
0 0.493443 0.733179 0.065574 0.310905
0 0.587705 0.729698 0.077049 0.327146
0 0.672951 0.730858 0.063934 0.334107
0 0.768852 0.732019 0.062295 0.331787
0 0.861475 0.743619 0.060656 0.290023
0 0.946721 0.747100 0.054098 0.292343
0 0.921311 0.390951 0.095082 0.392111
0 0.841803 0.382831 0.083607 0.389791
0 0.692623 0.422274 0.136066 0.348028
0 0.528689 0.474478 0.093443 0.308585
0 0.405738 0.425754 0.100000 0.415313
0 0.222131 0.483759 0.132787 0.359629
0 0.055738 0.520882 0.101639 0.406032