0 0.228762 0.147249 0.032160 0.148058
0 0.250455 0.138552 0.040959 0.149272
0 0.275637 0.131068 0.036104 0.168285
0 0.311438 0.126820 0.046420 0.167880
0 0.257130 0.393608 0.057342 0.264563
0 0.312348 0.420510 0.057342 0.261731
0 0.370297 0.355785 0.051881 0.132282
0 0.385619 0.724515 0.082524 0.277508
0 0.303701 0.753439 0.095267 0.280340
0 0.245297 0.707322 0.090716 0.293285
0 0.558859 0.363269 0.052791 0.193366
0 0.596025 0.360032 0.035498 0.189320
0 0.629854 0.357403 0.041869 0.177589
0 0.670510 0.347896 0.044296 0.179612
0 0.707221 0.345874 0.037015 0.173139
0 0.741808 0.336974 0.038835 0.165858
0 0.553853 0.698220 0.040959 0.323625
0 0.652761 0.652104 0.054308 0.289644
0 0.707373 0.621764 0.072512 0.271036
0 0.748938 0.645833 0.038532 0.178398