0 0.784832 0.387809 0.081129 0.199647
0 0.664462 0.435512 0.043210 0.102473
0 0.701058 0.606890 0.063492 0.146643
0 0.891975 0.601148 0.067901 0.234099
0 0.474868 0.594081 0.029101 0.105124
0 0.159171 0.394876 0.029101 0.125442
0 0.033510 0.522085 0.024691 0.160777
0 0.091270 0.557420 0.032628 0.081272
0 0.029101 0.742933 0.035273 0.100707
0 0.092593 0.752208 0.037037 0.122792
0 0.204145 0.780919 0.046737 0.113074
0 0.287919 0.783569 0.043210 0.128975
0 0.462963 0.833039 0.058201 0.097173
0 0.554674 0.822438 0.054674 0.174912
0 0.757496 0.897085 0.059965 0.112191
0 0.880511 0.919611 0.046737 0.160777