0 0.768333 0.532847 0.156667 0.613139
0 0.678333 0.364964 0.056667 0.291971
0 0.626667 0.664234 0.060000 0.306569
0 0.605000 0.401460 0.056667 0.262774
0 0.538333 0.437956 0.043333 0.233577
0 0.546667 0.722628 0.046667 0.291971
0 0.470000 0.689781 0.060000 0.299270
0 0.468333 0.397810 0.050000 0.226277
0 0.405000 0.408759 0.056667 0.233577
0 0.390000 0.715328 0.046667 0.277372
0 0.318333 0.627737 0.043333 0.189781
0 0.338333 0.423358 0.050000 0.233577
0 0.276667 0.478102 0.033333 0.182482
0 0.228333 0.350365 0.050000 0.321168
0 0.215000 0.682482 0.056667 0.343066
0 0.168333 0.737226 0.043333 0.291971
0 0.161667 0.416058 0.043333 0.262774
0 0.086667 0.354015 0.046667 0.255474
0 0.105000 0.664234 0.050000 0.379562