0 0.312233 0.792842 0.052632 0.258134
0 0.401138 0.786334 0.065434 0.375271
0 0.499289 0.728850 0.088193 0.308026
0 0.643670 0.716920 0.086771 0.318872
0 0.705548 0.516269 0.091038 0.303688
0 0.753201 0.302603 0.092461 0.318872
0 0.860597 0.357918 0.088193 0.290672
0 0.634424 0.261388 0.096728 0.344902
0 0.561166 0.454447 0.092461 0.336226
0 0.424609 0.540130 0.089616 0.316703
0 0.490754 0.249458 0.091038 0.295011
0 0.364865 0.326464 0.086771 0.323210
0 0.253912 0.389371 0.086771 0.331887
0 0.666430 0.885033 0.044097 0.156182
0 0.736842 0.836226 0.042674 0.145336
0 0.578236 0.891540 0.044097 0.130152
0 0.487198 0.866594 0.046942 0.136659