0 0.402778 0.805158 0.025556 0.257880
0 0.443889 0.782235 0.030000 0.366762
0 0.482778 0.869628 0.021111 0.117479
0 0.526667 0.892550 0.022222 0.123209
0 0.564444 0.881089 0.020000 0.151862
0 0.601111 0.836676 0.022222 0.137536
0 0.555000 0.704871 0.036667 0.309456
0 0.488889 0.702006 0.037778 0.246418
0 0.455556 0.511461 0.040000 0.232092
0 0.519444 0.455587 0.041111 0.292264
0 0.583889 0.518625 0.041111 0.286533
0 0.656111 0.340974 0.041111 0.206304
0 0.605556 0.302292 0.044444 0.260745
0 0.550556 0.282235 0.043333 0.289398
0 0.486111 0.286533 0.043333 0.297994
0 0.428333 0.330946 0.038889 0.277937
0 0.375556 0.376791 0.037778 0.266476